a = 9.55019858203
b = 0.0501985820325